0
0
0
1,62
0
0
0
1,75
0
0
1,50
1,55
0
0
0
1,74
0
0
1,71
0
1,52
0
1,76
1,68
0
1,68
0
1,55
0
0
0
0
1,50
0
0
0
1,53
0
0
1,72
1,74
0
0
0
1,53
0
0
1,58
0
1,61
0
0
0
1,55
0
1,56
1,75
0
0
0
1,68
0
1,63
0
0
1,52
0
1,65
0
0
1,64
1,70
1,68
0
0
1,77
0
0
0
1,77
0
1,63
0
0
0
1,55
0
0
0
1,65
0
1,77
0
1,76
0
0
1,75
0
0
0
0
1,51
1,75
0
1,59
0
1,55
0
0
1,69
0
0
0
1,69
0
0
1,69
1,79
0
0
1,59
0
0
1,56
0
1,49
0
1,69
0
0
1,59
0
0
0
1,75
0
0
0
1,55
0
0
1,59
0
0
0
1,53
0
0
1,79
1,67
0
0
1,70
1,72
1,76
0
0
1,72
0
0
0
1,73
0
1,73
1,57
0
0
0
1,56
0
0
1,59
0
0
0
1,75
1,72
1,67
0
0
0
1,63
1,64
0
0
1,73
0
1,59
0
0
1,66
0
0
0
1,59
0
0
0
1,60
0
0
0
1,59
0
0
0
0
1,55
0
1,67
0
1,79
0
0
1,76
1,50
0
0
0
1,65
0
0
0
1,71
0
1,64
0
1,64
0
1,55
1,57
0
0
1,55
