1,65
1,61
0
1,66
0
1,65
1,66
0
1,66
1,67
0
1,65
0
1,64
1,64
0
0
1,63
1,61
0
0
1,61
0
1,66
0
1,61
0
1,67
0
1,63
1,61
0
0
1,67
0
0
0
1,61
1,62
0
0
0
0
1,63
1,64
0
1,66
0
0
1,65
0
0
1,63
1,66
0
0
1,64
0
0
0
1,63
1,6
0
1,64
0
1,62
0
0
1,62
1,64
0
1,66
0
1,6
1,61
0
0
1,62
0
1,61
0
1,67
0
0
1,65
0
0
1,66
0
1,64
1,66
0
0
1,62
1,62
0
1,64
0
0
1,63
1,66
0
1,65
0
1,66
0
1,6
0
1,63
1,67
0
1,65
0
1,61
0
1,62
0
1,63
0
1,64
0
1,63
0
1,64
1,61
0
0
1,62
1,66
0
1,62
0
0
1,63
1,62
0
1,66
1,66
0
0
0
1,64
1,64
0
1,65
0
0
1,65
1,63
0
1,65
1,6
0
1,66
0
0
1,64
0
1,65
1,61
0
1,62
0
1,62
1,61
0
1,63
0
1,64
1,61
0
1,66
0
1,63
0
1,64
1,6
0
1,64
1,63
0
1,64
1,65
0
1,63
1,65
0
0
1,67
1,66
0
1,62
0
1,62
0
1,62
0
0
1,66
1,66
0
0
1,61
1,6
0
0
1,6
0
0
1,65
0
1,61
0
0
1,6
1,64
0
1,63
1,63
0
0
1,65
0
0
1,6
1,67
0
1,61
0
1,64
1,63
0
1,62
1,65
0
1,6
0
1,61
0
1,67
1,66
0
1,61
1,64
0
1,61
1,65
0
0
1,62
0
0
0
1,64
0
0
1,61
1,64
0
1,62
1,64
0
0
0
1,62
1,64
0
1,63
0
0
1,65
1,61
0
1,63
1,62
0
0
0
1,67
1,65
0
1,65
1,66
0
1,61
1,64
0
0
0
1,65
0
1,63
1,65
0
1,67
1,64
0
1,62
0
0
0
1,65
0
1,63
0
1,6
1,64
0
1,62
1,63
1,66
0
0
1,65
1,64
0
0
1,66
1,65
0
1,65
1,65
0
0
1,64
1,62
0
1,62
0
1,63
1,61
0
0
1,62
0
1,6
0
1,61
0
1,63
0
1,67
1,6
0
1,64
0
0
1,63
0
1,65
0
1,64
1,66
0
0
0
0
0
1,66
1,62
0
1,65
0
0
1,65
1,66
0
1,61
1,63
0
1,63
0
1,62
1,64
0
1,61
0
1,65
0
0
