0
0
1,68
0
1,76
0
0
1,7
0
0
1,66
0
1,67
0
0
1,67
1,67
0
0
1,67
1,69
0
1,69
0
1,76
0
1,73
0
1,65
0
0
1,71
1,69
0
1,76
1,71
1,76
0
0
1,74
1,71
1,7
1,75
0
0
1,72
0
1,76
1,69
0
1,66
1,72
0
0
1,75
1,68
0
1,74
1,72
1,72
0
0
1,73
0
1,66
0
1,76
1,69
0
0
1,65
0
1,67
0
0
1,71
1,77
0
1,65
0
1,75
0
1,68
1,68
0
1,75
1,66
0
1,65
0
0
1,76
1,75
0
0
1,75
0
1,65
1,73
0
0
1,76
0
1,73
0
1,71
0
1,77
0
0
1,76
0
1,66
0
1,77
0
1,76
0
1,7
0
1,69
0
1,67
0
0
1,76
1,73
0
0
1,76
0
1,74
1,75
0
0
1,71
0
0
1,72
1,73
1,71
0
0
1,69
0
1,72
1,7
0
0
1,75
0
0
1,74
0
1,65
1,66
0
1,76
0
0
1,75
0
1,74
0
0
1,68
0
1,66
0
0
1,65
0
1,68
0
1,68
0
0
1,76
0
0
1,66
0
0
1,76
0
0
1,68
1,7
0
0
1,74
0
1,77
0
1,66
0
1,7
1,76
0
0
1,74
1,69
0
0
1,65
1,7
0
1,66
1,77
0
1,74
0
1,72
1,72
0
0
1,76
0
0
1,76
1,72
0
1,77
1,68
0
0
1,73
0
1,73
0
0
1,66
0
0
1,7
0
1,75
0
1,69
0
0
1,72
0
0
1,7
0
0
1,74
1,72
0
1,73
1,65
1,75
0
1,71
1,75
0
0
1,74
0
0
1,7
1,7
1,7
0
0
1,65
0
1,68
1,7
0
0
1,73
0
0
1,65
1,74
1,7
0
0
1,7
0
0
1,74
0
0
1,72
1,68
1,68
0
1,75
0
0
1,67
0
0
1,7
0
1,71
1,68
1,76
0
1,68
0
1,73
0
0
1,72
0
0
0
1,73
1,68
0
0
1,66
1,76
0
0
1,74
0
0
1,72
1,66
0
0
1,71
0
1,72
0
0
1,69
1,73
0
1,76
0
1,7
0
1,74
0
1,7
0
0
1,7
0
1,7
1,68
0
1,66
0
1,67
0
0
1,71
1,73
1,7
1,67
1,69
0
0
1,69
0
1,76
1,73
0
0
1,74
0
0
1,67
0
1,72
0
0
1,75
0
1,68
0
1,71
1,71
